0, 0.00845  0.;
1, 0.00773  0.;
2, 0.01438  3.14159;
3, 0.07445  3.14159;
4, 0.20971  0.;
5, 0.1672  3.14159;
6, 0.43244  0.;
7, 0.43581  0.;
8, 0.31583  3.14159;
9, 0.36997  0.;
10, 0.40994  3.14159;
11, 0.24324  3.14159;
12, 0.20404  0.;
13, 0.16944  0.;
14, 0.08139  0.;
15, 0.01655  0.;
16, 0.00543  3.14159;
17, 0.0164  3.14159;
18, 0.02353  3.14159;
19, 0.0204  3.14159;
20, 0.01207  3.14159;
21, 0.00488  0.;
22, 0.00134  0.;
23, 0.00107  0.;
24, 0.00255  3.14159;
25, 0.00438  0.;
26, 0.00588  3.14159;
27, 0.00636  0.;
28, 0.00671  0.;
29, 0.00594  0.;
30, 0.00456  0.;
