0, 0.14187  3.14159;
1, 0.55389  3.14159;
2, 0.59554  0.;
3, 0.47758  3.14159;
4, 0.14164  0.;
5, 0.10192  3.14159;
6, 0.21741  3.14159;
7, 0.09052  0.;
8, 0.03684  0.;
9, 0.02786  0.;
10, 0.0252  0.;
11, 0.02876  0.;
12, 0.00632  0.;
13, 0.02029  0.;
14, 0.00225  0.;
15, 0.01303  3.14159;
16, 0.0084  0.;
17, 0.00341  3.14159;
18, 0.00798  3.14159;
19, 0.00432  3.14159;
20, 0.00107  0.;
21, 0.00369  3.14159;
22, 0.00337  3.14159;
23, 0.00172  3.14159;
24, 0.00012  0.;
25, 0.00084  0.;
26, 0.00115  3.14159;
27, 0.00107  0.;
28, 0.00064  0.;
29, 0.00038  0.;
30, 0.00013  0.;
