0, 0.00098  0.;
1, 0.00526  0.;
2, 0.01841  0.;
3, 0.00239  0.;
4, 0.01862  3.14159;
5, 0.11763  0.;
6, 0.2207  3.14159;
7, 0.22786  3.14159;
8, 0.44566  3.14159;
9, 0.28327  0.;
10, 0.44356  3.14159;
11, 0.1963  0.;
12, 0.40315  3.14159;
13, 0.27219  3.14159;
14, 0.20688  3.14159;
15, 0.18394  3.14159;
16, 0.13105  0.;
17, 0.07024  0.;
18, 0.03743  0.;
19, 0.02934  0.;
20, 0.0315  0.;
21, 0.03428  3.14159;
22, 0.03418  3.14159;
23, 0.0313  3.14159;
24, 0.02705  0.;
25, 0.02261  3.14159;
26, 0.01927  0.;
27, 0.01534  3.14159;
28, 0.01545  3.14159;
29, 0.01234  3.14159;
30, 0.01002  3.14159;
