0, 0.01878  0.;
1, 0.04172  0.;
2, 0.19532  3.14159;
3, 0.09328  3.14159;
4, 0.39357  0.;
5, 0.56352  3.14159;
6, 0.10655  3.14159;
7, 0.51452  3.14159;
8, 0.33114  0.;
9, 0.18051  0.;
10, 0.18951  3.14159;
11, 0.14685  3.14159;
12, 0.04167  0.;
13, 0.00972  3.14159;
14, 0.0019  0.;
15, 0.01953  0.;
16, 0.01652  3.14159;
17, 0.00238  3.14159;
18, 0.00694  0.;
19, 0.00636  0.;
20, 0.0004  0.;
21, 0.00486  0.;
22, 0.00687  0.;
23, 0.00611  0.;
24, 0.00411  3.14159;
25, 0.00208  0.;
26, 0.00062  3.14159;
27, 0.00023  3.14159;
28, 0.00036  3.14159;
29, 0.00041  3.14159;
30, 0.00011  3.14159;
