0, 0.02816  0.;
1, 0.03464  3.14159;
2, 0.03976  0.;
3, 0.03737  3.14159;
4, 0.09708  3.14159;
5, 0.19819  0.;
6, 0.23222  3.14159;
7, 0.37693  3.14159;
8, 0.37617  3.14159;
9, 0.38738  3.14159;
10, 0.28264  3.14159;
11, 0.43333  3.14159;
12, 0.278  0.;
13, 0.22298  0.;
14, 0.18958  0.;
15, 0.10931  0.;
16, 0.04333  3.14159;
17, 0.01902  3.14159;
18, 0.02188  3.14159;
19, 0.02896  3.14159;
20, 0.03004  3.14159;
21, 0.02559  0.;
22, 0.01904  0.;
23, 0.01323  0.;
24, 0.00946  3.14159;
25, 0.00768  0.;
26, 0.00745  3.14159;
27, 0.00745  0.;
28, 0.00852  0.;
29, 0.00826  0.;
30, 0.00749  0.;
