0, 0.22142  0.;
1, 0.10641  0.;
2, 0.28682  0.;
3, 0.1792  0.;
4, 0.01865  0.;
5, 0.19025  3.14159;
6, 0.24552  0.;
7, 0.06812  0.;
8, 0.12472  3.14159;
9, 0.24105  0.;
10, 0.26007  0.;
11, 0.18092  3.14159;
12, 0.07529  3.14159;
13, 0.02935  3.14159;
14, 0.11872  0.;
15, 0.17013  3.14159;
16, 0.19126  3.14159;
17, 0.15169  0.;
18, 0.0856  3.14159;
19, 0.03364  3.14159;
20, 0.13171  0.;
21, 0.21744  0.;
22, 0.19791  3.14159;
23, 0.14292  0.;
24, 0.00506  0.;
25, 0.08887  3.14159;
26, 0.21219  3.14159;
27, 0.23692  3.14159;
28, 0.28197  0.;
29, 0.21063  3.14159;
30, 0.22605  0.;
