0, 0.15387  0.;
1, 0.01686  0.;
2, 0.2966  0.;
3, 0.03446  0.;
4, 0.27689  0.;
5, 0.14823  3.14159;
6, 0.1189  3.14159;
7, 0.24091  3.14159;
8, 0.14697  3.14159;
9, 0.08743  3.14159;
10, 0.24573  3.14159;
11, 0.24031  0.;
12, 0.12707  0.;
13, 0.03767  0.;
14, 0.14434  3.14159;
15, 0.1978  0.;
16, 0.15482  0.;
17, 0.08744  3.14159;
18, 0.04516  3.14159;
19, 0.12442  0.;
20, 0.1979  3.14159;
21, 0.14165  3.14159;
22, 0.06331  0.;
23, 0.11372  0.;
24, 0.17233  0.;
25, 0.22517  0.;
26, 0.10079  0.;
27, 0.0371  0.;
28, 0.15049  0.;
29, 0.16689  3.14159;
30, 0.31635  0.;
