0, 0.03507  0.;
1, 0.1721  3.14159;
2, 0.26359  0.;
3, 0.03687  0.;
4, 0.5494  3.14159;
5, 0.04189  0.;
6, 0.54983  0.;
7, 0.41871  3.14159;
8, 0.22593  0.;
9, 0.21352  0.;
10, 0.13561  3.14159;
11, 0.03668  3.14159;
12, 0.00329  3.14159;
13, 0.00717  0.;
14, 0.01788  0.;
15, 0.00941  0.;
16, 0.00424  0.;
17, 0.00856  0.;
18, 0.0031  0.;
19, 0.00414  3.14159;
20, 0.00703  3.14159;
21, 0.00545  0.;
22, 0.00215  0.;
23, 0.00063  3.14159;
24, 0.00204  0.;
25, 0.00224  3.14159;
26, 0.00178  0.;
27, 0.00091  3.14159;
28, 0.0004  3.14159;
29, 0.00028  0.;
30, 0.00068  0.;
