0, 0.06104  0.;
1, 0.04732  3.14159;
2, 0.03176  3.14159;
3, 0.19463  3.14159;
4, 0.2217  0.;
5, 0.2544  3.14159;
6, 0.5117  0.;
7, 0.21809  3.14159;
8, 0.43743  3.14159;
9, 0.43879  3.14159;
10, 0.25374  0.;
11, 0.22241  0.;
12, 0.16707  3.14159;
13, 0.06578  3.14159;
14, 0.00669  3.14159;
15, 0.00452  3.14159;
16, 0.0184  0.;
17, 0.02063  0.;
18, 0.01162  0.;
19, 0.0013  0.;
20, 0.0033  3.14159;
21, 0.00208  0.;
22, 0.00165  3.14159;
23, 0.00501  3.14159;
24, 0.00679  0.;
25, 0.00698  3.14159;
26, 0.00628  0.;
27, 0.0048  3.14159;
28, 0.004  3.14159;
29, 0.00254  3.14159;
30, 0.00141  3.14159;
