0, 0.36302  0.;
1, 0.56967  3.14159;
2, 0.23003  3.14159;
3, 0.34638  0.;
4, 0.17251  0.;
5, 0.18292  0.;
6, 0.12153  0.;
7, 0.12217  3.14159;
8, 0.11404  0.;
9, 0.1323  0.;
10, 0.13983  3.14159;
11, 0.15287  3.14159;
12, 0.15549  0.;
13, 0.15108  0.;
14, 0.13488  0.;
15, 0.11135  0.;
16, 0.09146  3.14159;
17, 0.07437  3.14159;
18, 0.06232  3.14159;
19, 0.05265  3.14159;
20, 0.04467  3.14159;
21, 0.03878  0.;
22, 0.03445  0.;
23, 0.03112  0.;
24, 0.02849  3.14159;
25, 0.02639  0.;
26, 0.02464  3.14159;
27, 0.02309  0.;
28, 0.02161  0.;
29, 0.02001  0.;
30, 0.01777  0.;
