0, 0.1756  0.;
1, 0.04285  0.;
2, 0.31895  3.14159;
3, 0.6268  3.14159;
4, 0.20427  0.;
5, 0.5869  0.;
6, 0.14519  0.;
7, 0.11318  3.14159;
8, 0.18902  0.;
9, 0.123  0.;
10, 0.00401  3.14159;
11, 0.02334  0.;
12, 0.01005  0.;
13, 0.02501  0.;
14, 0.00603  0.;
15, 0.01272  3.14159;
16, 0.01099  0.;
17, 0.00152  3.14159;
18, 0.00898  3.14159;
19, 0.00705  3.14159;
20, 0.00105  3.14159;
21, 0.0033  3.14159;
22, 0.00436  3.14159;
23, 0.00321  3.14159;
24, 0.00139  0.;
25, 0.00013  0.;
26, 0.001  3.14159;
27, 0.00135  0.;
28, 0.00116  0.;
29, 0.00096  0.;
30, 0.00059  0.;
