0, 0.26707  0.;
1, 0.18036  0.;
2, 0.08301  0.;
3, 0.14788  0.;
4, 0.24635  3.14159;
5, 0.10675  0.;
6, 0.04209  0.;
7, 0.17063  0.;
8, 0.26046  0.;
9, 0.25688  3.14159;
10, 0.23462  3.14159;
11, 0.17397  0.;
12, 0.11338  0.;
13, 0.04138  3.14159;
14, 0.02922  3.14159;
15, 0.10635  0.;
16, 0.17035  0.;
17, 0.21765  3.14159;
18, 0.2152  0.;
19, 0.17143  3.14159;
20, 0.07764  0.;
21, 0.02791  3.14159;
22, 0.13693  0.;
23, 0.20892  3.14159;
24, 0.2635  3.14159;
25, 0.26874  3.14159;
26, 0.25679  3.14159;
27, 0.20251  3.14159;
28, 0.16527  0.;
29, 0.10661  3.14159;
30, 0.08894  0.;
