0, 0.0342  3.14159;
1, 0.44816  3.14159;
2, 0.20197  0.;
3, 0.47391  3.14159;
4, 0.55662  0.;
5, 0.03203  0.;
6, 0.11219  3.14159;
7, 0.03555  0.;
8, 0.03867  3.14159;
9, 0.19736  0.;
10, 0.23451  0.;
11, 0.1842  3.14159;
12, 0.17105  3.14159;
13, 0.15713  0.;
14, 0.11405  3.14159;
15, 0.07684  0.;
16, 0.06296  0.;
17, 0.0367  3.14159;
18, 0.00994  0.;
19, 0.01243  3.14159;
20, 0.00894  0.;
21, 0.00281  3.14159;
22, 0.00236  3.14159;
23, 0.001  0.;
24, 0.00113  3.14159;
25, 0.0011  0.;
26, 0.0011  3.14159;
27, 0.00124  0.;
28, 0.00108  0.;
29, 0.00054  0.;
30, 0.00004  3.14159;
