0, 0.3337  3.14159;
1, 0.13247  0.;
2, 0.38552  0.;
3, 0.3911  0.;
4, 0.5694  0.;
5, 0.399  0.;
6, 0.19945  0.;
7, 0.19125  3.14159;
8, 0.09437  0.;
9, 0.01778  0.;
10, 0.00205  0.;
11, 0.01028  3.14159;
12, 0.0139  0.;
13, 0.00128  0.;
14, 0.00865  3.14159;
15, 0.00483  3.14159;
16, 0.00392  3.14159;
17, 0.00666  3.14159;
18, 0.00273  3.14159;
19, 0.00221  0.;
20, 0.00401  0.;
21, 0.00284  3.14159;
22, 0.00069  3.14159;
23, 0.00101  0.;
24, 0.00178  3.14159;
25, 0.0018  0.;
26, 0.00145  3.14159;
27, 0.00086  0.;
28, 0.00055  0.;
29, 0.00012  0.;
30, 0.00017  3.14159;
