0, 0.58714  0.;
1, 0.56583  3.14159;
2, 0.18091  0.;
3, 0.0342  3.14159;
4, 0.24994  0.;
5, 0.32402  0.;
6, 0.16201  0.;
7, 0.16487  3.14159;
8, 0.18306  0.;
9, 0.1693  0.;
10, 0.0963  3.14159;
11, 0.05299  3.14159;
12, 0.04853  0.;
13, 0.04617  0.;
14, 0.02757  0.;
15, 0.00955  0.;
16, 0.00536  3.14159;
17, 0.00814  3.14159;
18, 0.00892  3.14159;
19, 0.00594  3.14159;
20, 0.00232  3.14159;
21, 0.0007  0.;
22, 0.00092  0.;
23, 0.00197  0.;
24, 0.00298  3.14159;
25, 0.0035  0.;
26, 0.0035  3.14159;
27, 0.00319  0.;
28, 0.00273  0.;
29, 0.00221  0.;
30, 0.00167  0.;
