0, 0.27883  0.;
1, 0.46759  3.14159;
2, 0.2956  3.14159;
3, 0.54049  0.;
4, 0.32291  0.;
5, 0.35685  0.;
6, 0.21926  0.;
7, 0.16947  3.14159;
8, 0.10042  0.;
9, 0.06287  0.;
10, 0.03465  3.14159;
11, 0.01843  3.14159;
12, 0.00931  0.;
13, 0.00476  0.;
14, 0.00257  0.;
15, 0.00141  0.;
16, 0.00088  3.14159;
17, 0.00067  3.14159;
18, 0.00062  3.14159;
19, 0.00057  3.14159;
20, 0.00049  3.14159;
21, 0.00041  0.;
22, 0.00036  0.;
23, 0.00032  0.;
24, 0.00031  3.14159;
25, 0.0003  0.;
26, 0.00029  3.14159;
27, 0.00028  0.;
28, 0.00026  0.;
29, 0.00023  0.;
30, 0.00019  0.;
