0, 0.05798  0.09728;
1, 0.12642  -3.08677;
2, 0.10223  3.06372;
3, 0.39907  -0.01873;
4, 0.58722  -0.03307;
5, 0.05767  0.75772;
6, 0.56543  -3.05936;
7, 0.26533  -2.85351;
8, 0.18335  -2.71877;
9, 0.21279  -0.37266;
10, 0.13051  -0.44797;
11, 0.08669  -1.59619;
12, 0.05561  1.55317;
13, 0.05344  0.98713;
14, 0.03875  1.77927;
15, 0.0281  2.25003;
16, 0.009  -1.29575;
17, 0.01245  -2.83107;
18, 0.00951  -2.66344;
19, 0.0063  -1.16724;
20, 0.00971  -0.66727;
21, 0.00723  2.35454;
22, 0.00381  1.57619;
23, 0.00428  0.66722;
24, 0.00443  -2.7007;
25, 0.00326  0.49001;
26, 0.00194  -2.26833;
27, 0.00149  1.61244;
28, 0.00186  1.98424;
29, 0.00186  2.04311;
30, 0.0016  1.92583;
