0, 0.90202  0.;
1, 0.15  3.14159;
2, 0.22211  0.;
3, 0.25535  0.;
4, 0.207  0.;
5, 0.05771  0.;
6, 0.0343  3.14159;
7, 0.00952  0.;
8, 0.02934  0.;
9, 0.02012  0.;
10, 0.0117  0.;
11, 0.01479  0.;
12, 0.0049  0.;
13, 0.01107  0.;
14, 0.00017  3.14159;
15, 0.00737  3.14159;
16, 0.00332  0.;
17, 0.00286  3.14159;
18, 0.00406  3.14159;
19, 0.00135  3.14159;
20, 0.00128  0.;
21, 0.00199  3.14159;
22, 0.00128  3.14159;
23, 0.00022  3.14159;
24, 0.00052  3.14159;
25, 0.0008  0.;
26, 0.00072  3.14159;
27, 0.00051  0.;
28, 0.00019  0.;
29, 0.00002  0.;
30, 0.00006  3.14159;
