0, 0.09482  0.;
1, 0.09819  3.14159;
2, 0.12219  0.;
3, 0.17313  3.14159;
4, 0.10544  0.;
5, 0.20735  0.;
6, 0.10621  3.14159;
7, 0.21566  0.;
8, 0.14477  0.;
9, 0.19264  0.;
10, 0.2323  0.;
11, 0.06749  0.;
12, 0.27122  0.;
13, 0.18044  3.14159;
14, 0.05537  3.14159;
15, 0.20757  0.;
16, 0.19823  0.;
17, 0.03375  3.14159;
18, 0.13379  3.14159;
19, 0.19436  0.;
20, 0.09105  3.14159;
21, 0.03316  0.;
22, 0.16098  3.14159;
23, 0.15171  0.;
24, 0.05514  0.;
25, 0.13059  3.14159;
26, 0.1773  3.14159;
27, 0.1393  3.14159;
28, 0.04146  3.14159;
29, 0.13044  0.;
30, 0.23908  3.14159;
