0, 0.97324  0.;
1, 0.07168  3.14159;
2, 0.11449  0.;
3, 0.16793  0.;
4, 0.07122  0.;
5, 0.00491  3.14159;
6, 0.02461  3.14159;
7, 0.00007  3.14159;
8, 0.01798  0.;
9, 0.0044  0.;
10, 0.01166  0.;
11, 0.00507  0.;
12, 0.00741  0.;
13, 0.00514  0.;
14, 0.00402  3.14159;
15, 0.00512  3.14159;
16, 0.00045  3.14159;
17, 0.00393  3.14159;
18, 0.00252  3.14159;
19, 0.00066  0.;
20, 0.00231  0.;
21, 0.00194  3.14159;
22, 0.00066  3.14159;
23, 0.00049  0.;
24, 0.00108  3.14159;
25, 0.00116  0.;
26, 0.00091  3.14159;
27, 0.00056  0.;
28, 0.00021  0.;
29, 0.00001  3.14159;
30, 0.0002  3.14159;
