0, 0.22461  3.14159;
1, 0.17332  3.14159;
2, 0.14173  0.;
3, 0.03477  0.;
4, 0.09096  0.;
5, 0.14967  3.14159;
6, 0.23411  0.;
7, 0.227  0.;
8, 0.24766  0.;
9, 0.22887  3.14159;
10, 0.23224  3.14159;
11, 0.22178  0.;
12, 0.21604  0.;
13, 0.19543  3.14159;
14, 0.16054  0.;
15, 0.10466  3.14159;
16, 0.02762  3.14159;
17, 0.05742  3.14159;
18, 0.13829  0.;
19, 0.20038  3.14159;
20, 0.24374  0.;
21, 0.26309  0.;
22, 0.26577  3.14159;
23, 0.24626  0.;
24, 0.21199  0.;
25, 0.1643  0.;
26, 0.12335  0.;
27, 0.08491  0.;
28, 0.05862  3.14159;
29, 0.03272  0.;
30, 0.02358  3.14159;
