0, 0.82221  0.;
1, 0.36139  0.;
2, 0.41141  0.;
3, 0.10057  0.;
4, 0.10756  0.;
5, 0.02316  3.14159;
6, 0.03557  3.14159;
7, 0.00191  0.;
8, 0.01703  0.;
9, 0.00732  0.;
10, 0.00955  0.;
11, 0.00724  0.;
12, 0.00552  0.;
13, 0.00625  0.;
14, 0.00254  3.14159;
15, 0.00527  3.14159;
16, 0.00043  0.;
17, 0.00352  3.14159;
18, 0.00266  3.14159;
19, 0.00035  0.;
20, 0.00208  0.;
21, 0.0018  3.14159;
22, 0.00057  3.14159;
23, 0.00053  0.;
24, 0.00107  3.14159;
25, 0.0011  0.;
26, 0.00082  3.14159;
27, 0.00045  0.;
28, 0.00012  0.;
29, 0.0001  3.14159;
30, 0.00019  3.14159;
