0, 0.11315  3.14159;
1, 0.05398  0.;
2, 0.20786  3.14159;
3, 0.11166  0.;
4, 0.25392  3.14159;
5, 0.09321  3.14159;
6, 0.27171  0.;
7, 0.00099  0.;
8, 0.25113  3.14159;
9, 0.17115  0.;
10, 0.07629  3.14159;
11, 0.24569  0.;
12, 0.21629  0.;
13, 0.04901  3.14159;
14, 0.13671  3.14159;
15, 0.21465  0.;
16, 0.16536  0.;
17, 0.01843  3.14159;
18, 0.09188  3.14159;
19, 0.17662  0.;
20, 0.14371  3.14159;
21, 0.05483  3.14159;
22, 0.10515  3.14159;
23, 0.1692  0.;
24, 0.17748  0.;
25, 0.02064  0.;
26, 0.09465  3.14159;
27, 0.21692  3.14159;
28, 0.15806  0.;
29, 0.11664  3.14159;
30, 0.08205  3.14159;
